6473,2,0,-1

6631,2,1,-1

6789,1,4,-1

6947,1,0,-1

7105,1,4,-1

7263,2,4,-1

7421,2,4,-1

7736,1,3,-1

7894,2,2,-1

8052,2,2,-1

8210,1,1,-1

8368,2,0,-1

8684,2,3,-1

8842,2,1,-1

9000,1,0,-1

9157,2,0,-1

9315,2,4,-1

9473,1,2,-1

10105,2,1,-1

10263,1,4,-1

10894,1,3,-1

11052,1,3,-1

11526,2,3,-1

11684,2,0,-1

11842,1,1,-1

12157,1,4,-1

12631,2,0,-1

12947,2,2,-1

13263,1,0,-1

13421,2,4,-1

13736,2,1,-1

14052,2,0,-1

14210,1,1,-1

14526,2,2,-1

14684,1,2,-1

14842,2,1,-1

15000,2,0,-1

15315,1,1,-1

15473,1,0,-1

15631,1,2,-1

15789,1,1,-1

16105,2,4,-1

16263,1,2,-1

16421,2,1,-1

16578,2,3,-1

16736,2,4,-1

17052,2,3,-1

17684,1,1,-1

17842,2,2,-1

18000,2,3,-1

18157,1,2,-1

18315,2,2,-1

18473,2,3,-1

18631,1,3,-1

18789,2,4,-1

18947,1,3,-1

19105,2,3,-1

19263,1,1,-1

19421,2,4,-1

19578,1,3,-1

20052,2,0,-1

20210,2,4,-1

20368,1,2,-1

20684,2,2,-1

21000,2,0,-1

21157,1,2,-1

21315,1,4,-1

21631,2,0,-1

21789,2,4,-1

21947,1,2,-1

22263,1,1,-1

22421,2,4,-1

22736,2,1,-1

23368,1,0,-1

23684,2,3,-1

24157,2,3,-1

24473,2,4,-1

24631,1,2,-1

24789,1,4,-1

24947,2,4,-1

25578,2,0,-1

25736,1,4,-1

26052,2,0,-1

26368,1,1,-1

26526,1,0,-1

26684,2,3,-1

27157,2,1,-1

27315,2,1,-1

27473,1,2,-1

27789,1,1,-1

27947,1,0,-1

28263,1,0,-1

28421,1,2,-1

29052,1,2,-1

29210,1,2,-1

29368,1,3,-1

29526,1,2,-1

29684,1,0,-1

30000,2,1,-1

30315,2,4,-1

30473,2,2,-1

30789,1,3,-1

31105,1,0,-1

31263,2,0,-1

31421,2,3,-1

31736,2,3,-1

32052,2,1,-1

32368,1,0,-1

32684,2,3,-1

32842,2,4,-1

33157,1,0,-1

33473,2,0,-1

33631,2,2,-1

33789,1,2,-1

33947,1,4,-1

34105,1,2,-1

34263,2,2,-1

34421,1,1,-1

34578,2,4,-1

34736,1,0,-1

34894,2,2,-1

35052,1,1,-1

35210,2,0,-1

35368,1,3,-1

35526,2,2,-1

35842,1,4,-1

36000,2,3,-1

36157,1,2,-1

36631,2,2,-1

36789,2,1,-1

36947,2,4,-1

37105,1,4,-1

37263,1,0,-1

37894,2,4,-1

38052,2,1,-1

38210,1,1,-1

38368,1,0,-1

38526,1,1,-1

38684,2,1,-1

39000,1,1,-1

39157,2,4,-1

39315,2,2,-1

39473,2,1,-1

39631,2,2,-1

39789,2,3,-1

39947,1,3,-1

40105,2,4,-1

40263,1,3,-1

40578,1,4,-1

40894,2,1,-1

41210,2,2,-1

41368,2,0,-1

41526,2,3,-1

41684,1,2,-1

41842,1,4,-1

42000,1,4,-1

42157,2,0,-1

42315,2,1,-1

42631,1,1,-1

42789,1,2,-1

42947,2,4,-1

43263,1,1,-1

43421,1,2,-1

43578,2,3,-1

43736,2,0,-1

43894,1,3,-1

44052,1,2,-1

44368,2,4,-1

44684,1,1,-1

44842,1,2,-1

45000,1,3,-1

45157,1,0,-1

45473,2,4,-1

45631,2,4,-1

45789,2,2,-1

46105,1,4,-1

46263,1,3,-1

46421,1,1,-1

46578,1,4,-1

46736,1,4,-1

47052,1,2,-1

47210,2,1,-1

47368,1,3,-1

47526,1,0,-1

47684,2,0,-1

47842,1,2,-1

48000,1,3,-1

48315,1,3,-1

48473,1,4,-1

48631,2,3,-1

48789,1,1,-1

48947,1,2,-1

49105,2,1,-1

49578,1,2,-1

49736,2,3,-1

50052,2,4,-1

50210,2,1,-1

51000,2,1,-1

51157,2,4,-1

51789,2,2,-1

51947,2,1,-1

52263,1,0,-1

52421,1,2,-1

52578,2,4,-1

52736,2,4,-1

52894,2,0,-1

53052,2,0,-1

53210,1,1,-1

53368,1,2,-1

53526,1,4,-1

53684,1,1,-1

53842,1,3,-1

54000,1,3,-1

54157,2,0,-1

54473,2,3,-1

54631,2,3,-1

54789,1,4,-1

54947,1,1,-1

55105,1,1,-1

55263,1,4,-1

55421,2,4,-1

55578,2,3,-1

55736,1,4,-1

55894,2,2,-1

56052,1,1,-1

56684,2,3,-1

56842,2,2,-1

57000,2,2,-1

57473,2,4,-1

57631,2,3,-1

57789,2,1,-1

57947,1,1,-1

58263,2,4,-1

58421,1,4,-1

58578,2,1,-1

58736,2,2,-1

58894,2,1,-1

59052,1,3,-1

59210,1,2,-1

59368,1,2,-1

59526,2,3,-1

59842,1,2,-1

60157,2,4,-1

60315,1,0,-1

60947,2,2,-1

61421,2,1,-1

61736,1,3,-1

61894,2,4,-1

62052,1,1,-1

62368,1,1,-1

62526,2,3,-1

62684,1,4,-1

62842,2,2,-1

63000,2,4,-1

63157,2,3,-1

63473,2,0,-1

63947,1,1,-1

64105,1,1,-1

64263,1,1,-1

64421,2,4,-1

64578,1,2,-1

64736,1,0,-1

64894,2,2,-1

65052,2,3,-1

65210,2,0,-1

65368,1,2,-1

65526,1,0,-1

66157,2,2,-1

66473,2,3,-1

66631,1,1,-1

67105,1,1,-1

67263,1,4,-1

67421,2,3,-1

67578,2,3,-1

67736,1,1,-1

67894,1,0,-1

68210,2,2,-1

68368,2,4,-1

69157,2,0,-1

69315,1,2,-1

69631,1,4,-1

69789,2,3,-1

69947,2,4,-1

70105,1,1,-1

70263,1,3,-1

70421,1,1,-1

70578,2,3,-1

70736,2,0,-1

70894,1,4,-1

71052,2,0,-1

71526,1,1,-1

71684,2,4,-1

71842,2,4,-1

72157,2,3,-1

72315,1,1,-1

72473,1,2,-1

72631,1,2,-1

72789,1,2,-1

73105,1,3,-1

73263,1,2,-1

73578,1,4,-1

73736,1,3,-1

73894,2,3,-1

74210,2,3,-1

74368,1,4,-1

74684,1,2,-1

74842,2,2,-1

75000,2,3,-1

75315,1,0,-1

75473,1,2,-1

75947,2,0,-1

76105,2,3,-1

76263,1,4,-1

76421,2,0,-1

76578,1,1,-1

76736,2,0,-1

77052,1,0,-1

77368,1,3,-1

77526,1,3,-1

77684,1,0,-1

77842,2,3,-1

78157,2,4,-1

78315,1,3,-1

78473,2,2,-1

78631,1,3,-1

78789,1,0,-1

79105,1,1,-1

79578,1,3,-1

79736,1,2,-1

79894,1,0,-1

80052,1,0,-1

80210,2,2,-1

80368,2,0,-1

80526,2,2,-1

80684,2,0,-1

80842,1,4,-1

81157,2,1,-1

81315,2,0,-1

81473,1,1,-1

81789,2,4,-1

82421,1,0,-1

82578,1,4,-1

82736,2,2,-1

83052,1,0,-1

83210,2,0,-1

83368,2,2,-1

83526,1,4,-1

83684,1,3,-1

83842,1,0,-1

84000,2,4,-1

84157,2,0,-1

84315,2,2,-1

84947,2,0,-1

85105,1,1,-1

85263,2,0,-1

85421,1,4,-1

85736,1,3,-1

86052,2,0,-1

86368,1,0,-1

86526,1,4,-1

86684,2,0,-1

86842,1,0,-1

87000,2,4,-1

87157,1,4,-1

87315,2,3,-1

87473,1,4,-1

87631,2,2,-1

87789,1,2,-1

87947,2,3,-1

88105,2,4,-1

88263,1,3,-1

88421,1,3,-1

88578,1,3,-1

88736,2,2,-1

88894,2,4,-1

89052,2,0,-1

89210,1,2,-1

89368,2,1,-1

89526,2,2,-1

89684,2,2,-1

89842,2,4,-1

90000,1,3,-1

90315,2,0,-1

90473,1,4,-1

90789,1,4,-1

90947,1,3,-1

91263,1,3,-1

91421,1,1,-1

91736,2,2,-1

92052,2,3,-1

92210,1,2,-1

92368,1,2,-1

92526,1,4,-1

92684,2,3,-1

92842,2,0,-1

93000,2,3,-1

93157,1,4,-1

93315,1,0,-1

93473,2,1,-1

93789,2,4,-1

93947,1,0,-1

94105,1,4,-1

94263,2,3,-1

94578,1,4,-1

94736,2,1,-1

95052,1,2,-1

95210,1,0,-1

95368,2,0,-1

95526,1,4,-1

95842,1,3,-1

96000,2,0,-1

96157,1,0,-1

96631,1,4,-1

96789,2,3,-1

96947,2,0,-1

97578,1,4,-1

97736,2,0,-1

97894,1,2,-1

98052,2,1,-1

98368,1,3,-1

98526,1,1,-1

98684,1,2,-1

98842,1,1,-1

99000,2,4,-1

99157,1,4,-1

99315,1,0,-1

99631,2,2,-1

99789,2,3,-1

99947,1,3,-1

100105,1,2,-1

100578,2,4,-1

100736,1,2,-1

100894,2,0,-1

101052,1,3,-1

101210,1,2,-1

101368,1,3,-1

101526,1,3,-1

101684,1,3,-1

101842,2,4,-1

102157,1,2,-1

102315,2,4,-1

102473,1,3,-1

102631,2,1,-1

102789,2,2,-1

102947,2,4,-1

103263,2,3,-1

103421,2,4,-1

103578,1,4,-1

103894,2,2,-1

104052,1,1,-1

104210,1,3,-1

104368,1,4,-1

104526,2,1,-1

104684,2,0,-1

104842,1,4,-1

105000,1,2,-1

105157,1,1,-1

105315,1,1,-1

105473,2,3,-1

105631,1,1,-1

105789,2,3,-1

105947,2,2,-1

106105,2,1,-1

106421,2,1,-1

106578,2,4,-1

106736,1,4,-1

106894,1,2,-1

107052,2,2,-1

107210,1,4,-1

107368,2,4,-1

107526,1,0,-1

107684,2,4,-1

107842,1,4,-1

108000,1,4,-1

108157,1,3,-1

108315,1,1,-1

108473,2,1,-1

108631,2,3,-1

108789,2,0,-1

108947,2,4,-1

109421,2,0,-1

109736,1,4,-1

109894,2,4,-1

110210,2,0,-1

110368,2,2,-1

111000,2,3,-1

111631,2,4,-1

111789,1,3,-1

112105,2,3,-1

113210,1,2,-1

113368,2,1,-1

113684,2,1,-1

114473,1,4,-1

114789,1,1,-1

114947,1,0,-1

115105,1,1,-1

115736,1,4,-1

116052,1,0,-1

117157,1,4,-1

117315,1,4,-1

117473,1,0,-1

117631,1,4,-1

117789,2,1,-1

117947,2,2,-1

118105,2,3,-1

118263,2,1,-1

118421,2,0,-1

118578,1,4,-1

118736,2,3,-1
