481,1,4,-1
641,1,0,-1
1764,2,1,-1
3048,2,3,-1
3850,1,3,-1
5294,2,3,-1
5614,1,2,-1
6898,2,1,-1
7219,2,3,-1
8502,1,2,-1
9465,1,1,-1
9625,1,1,-1
10588,1,3,-1
10909,1,3,-1
11069,2,0,-1
11229,1,4,-1
11390,1,4,-1
11550,2,2,-1
11711,2,4,-1
11871,2,0,-1
12032,2,4,-1
12352,2,3,-1
12513,1,3,-1
12673,2,3,-1
12834,1,4,-1
12994,2,3,-1
13155,1,1,-1
13315,2,3,-1
13475,1,1,-1
13636,1,1,-1
13796,2,3,-1
13957,1,1,-1
14117,1,1,-1
14278,1,2,-1
14598,2,0,-1
14919,1,3,-1
15240,2,0,-1
15561,2,4,-1
15721,1,4,-1
16042,1,4,-1
16203,1,0,-1
16363,1,0,-1
16524,2,0,-1
16684,1,3,-1
16844,2,1,-1
17005,1,0,-1
17165,1,2,-1
17326,1,3,-1
17486,1,3,-1
17647,2,0,-1
17807,1,4,-1
17967,1,2,-1
18609,2,0,-1
18770,1,0,-1
18930,1,2,-1
19251,2,0,-1
19411,1,2,-1
19572,2,1,-1
19732,1,1,-1
19893,2,2,-1
20053,2,3,-1
20213,2,3,-1
20374,1,1,-1
20534,2,0,-1
20695,1,2,-1
20855,1,2,-1
21016,1,1,-1
21176,2,4,-1
21336,1,0,-1
21497,1,3,-1
21657,1,2,-1
21818,2,0,-1
21978,1,4,-1
22139,2,3,-1
22459,2,0,-1
22620,2,0,-1
22941,2,0,-1
23101,1,1,-1
23422,2,1,-1
23582,2,4,-1
23743,2,2,-1
23903,1,2,-1
24064,1,0,-1
24224,2,1,-1
24705,2,4,-1
24866,1,1,-1
25347,2,3,-1
25508,1,4,-1
25668,1,1,-1
26310,1,1,-1
26470,2,4,-1
26631,1,1,-1
26791,1,2,-1
26951,2,1,-1
27272,1,2,-1
27433,2,0,-1
27593,1,1,-1
27754,1,4,-1
27914,1,3,-1
28074,1,4,-1
28235,1,1,-1
28556,2,0,-1
28716,1,0,-1
28877,2,1,-1
29037,2,3,-1
29197,2,3,-1
29358,1,3,-1
29839,2,1,-1
30160,2,1,-1
30320,2,1,-1
30641,1,0,-1
30802,1,4,-1
30962,2,3,-1
31122,1,3,-1
31283,1,1,-1
31443,1,4,-1
31604,1,4,-1
31925,2,3,-1
32085,1,1,-1
32245,1,1,-1
32566,1,1,-1
32727,1,4,-1
32887,1,0,-1
33048,2,0,-1
33368,1,3,-1
33529,1,4,-1
33689,2,2,-1
33850,1,3,-1
34010,2,2,-1
34171,1,2,-1
34331,1,4,-1
34491,1,0,-1
34652,2,3,-1
34812,2,0,-1
34973,1,4,-1
35133,2,4,-1
35294,2,2,-1
35454,2,1,-1
35775,2,4,-1
35935,2,1,-1
36096,1,3,-1
36256,1,2,-1
36417,2,3,-1
36577,2,1,-1
36737,1,1,-1
36898,1,3,-1
37058,1,4,-1
37219,1,3,-1
37379,2,4,-1
37540,1,4,-1
37700,1,2,-1
37860,1,0,-1
38021,2,1,-1
38181,1,3,-1
38342,2,0,-1
38502,2,1,-1
38823,1,0,-1
38983,1,3,-1
39144,1,0,-1
39304,2,0,-1
39465,1,2,-1
39625,1,4,-1
39786,1,2,-1
39946,1,4,-1
40267,1,4,-1
40427,2,1,-1
40588,2,0,-1
40748,1,3,-1
41069,1,1,-1
41229,2,2,-1
41390,1,0,-1
41550,2,0,-1
41711,1,0,-1
41871,1,1,-1
42032,2,2,-1
42192,2,1,-1
42352,1,3,-1
42513,2,4,-1
42673,1,0,-1
42834,1,1,-1
42994,1,2,-1
43155,2,2,-1
43315,2,2,-1
43475,1,4,-1
43636,2,1,-1
43796,1,2,-1
43957,2,1,-1
44117,1,2,-1
44438,2,4,-1
45080,2,3,-1
45240,2,1,-1
45401,2,4,-1
45561,2,2,-1
45721,1,4,-1
45882,2,0,-1
46042,1,0,-1
46203,1,0,-1
46363,1,2,-1
46524,1,3,-1
46844,2,4,-1
47005,2,3,-1
47165,2,4,-1
47326,2,1,-1
47647,1,3,-1
47967,2,4,-1
48128,1,2,-1
48288,1,2,-1
48449,2,4,-1
48770,1,0,-1
49090,2,4,-1
49251,2,2,-1
49411,2,1,-1
49572,2,3,-1
49732,2,0,-1
49893,1,1,-1
50053,1,4,-1
50213,1,0,-1
50374,2,3,-1
50534,1,2,-1
50695,1,2,-1
50855,1,0,-1
51016,1,4,-1
51176,2,0,-1
51336,2,1,-1
51497,1,0,-1
51657,1,0,-1
51818,2,3,-1
51978,1,0,-1
52299,1,0,-1
52459,1,1,-1
52620,2,1,-1
52780,2,0,-1
53101,1,4,-1
53582,2,0,-1
53743,1,0,-1
53903,2,3,-1
54064,2,4,-1
54224,2,3,-1
54545,2,4,-1
54705,1,2,-1
54866,1,0,-1
55026,2,2,-1
55347,2,4,-1
55508,2,3,-1
55668,1,0,-1
55828,2,1,-1
56310,2,3,-1
56470,2,4,-1
56631,2,0,-1
56791,2,1,-1
56951,2,2,-1
57112,1,4,-1
57272,2,4,-1
57433,1,0,-1
57593,1,2,-1
57754,2,2,-1
57914,1,2,-1
58235,2,2,-1
58556,2,3,-1
58716,2,4,-1
58877,2,1,-1
59037,1,4,-1
59197,2,3,-1
59358,1,2,-1
59518,1,2,-1
59679,2,1,-1
60000,1,1,-1
60160,2,2,-1
60320,1,0,-1
60481,1,1,-1
60641,2,2,-1
60802,1,3,-1
60962,2,3,-1
61122,2,2,-1
61283,2,1,-1
61604,2,2,-1
61764,2,3,-1
62085,2,3,-1
62245,1,2,-1
62406,1,0,-1
62566,1,2,-1
62727,1,2,-1
62887,2,2,-1
63048,2,2,-1
63208,1,3,-1
63368,1,1,-1
63529,1,3,-1
63689,2,3,-1
63850,2,2,-1
64010,2,3,-1
64171,2,4,-1
64331,2,0,-1
64491,2,2,-1
64652,2,4,-1
64812,1,2,-1
64973,2,4,-1
65133,2,2,-1
65294,2,3,-1
65454,1,0,-1
65935,2,0,-1
66096,2,1,-1
66256,1,0,-1
66417,2,4,-1
66577,1,1,-1
66737,1,3,-1
67058,1,3,-1
67219,1,2,-1
67379,1,4,-1
67700,1,4,-1
67860,2,0,-1
68021,1,0,-1
68181,2,3,-1
68342,1,3,-1
68502,2,2,-1
68663,1,0,-1
68823,2,2,-1
68983,2,2,-1
69144,1,4,-1
69465,1,2,-1
69625,2,1,-1
69786,1,4,-1
69946,1,2,-1
70267,2,0,-1
70588,2,1,-1
70748,2,0,-1
70909,2,2,-1
71069,2,2,-1
71229,1,3,-1
71390,2,4,-1
71550,1,1,-1
71711,1,3,-1
71871,2,2,-1
72032,2,3,-1
72192,2,1,-1
72352,2,4,-1
72513,2,4,-1
72834,2,4,-1
72994,2,3,-1
73155,2,0,-1
73315,1,4,-1
73475,1,2,-1
73636,2,0,-1
73796,2,0,-1
73957,1,3,-1
74117,2,1,-1
74278,2,4,-1
74438,1,2,-1
74598,2,1,-1
74759,1,0,-1
74919,1,4,-1
75080,2,0,-1
75240,2,3,-1
75401,2,2,-1
75721,1,2,-1
75882,1,1,-1
76042,1,3,-1
76203,1,2,-1
76524,1,3,-1
76684,2,4,-1
76844,1,0,-1
77005,2,4,-1
77165,2,4,-1
77326,1,1,-1
77486,2,3,-1
77647,2,3,-1
77807,1,3,-1
77967,2,0,-1
78128,1,2,-1
78288,2,0,-1
78449,2,4,-1
78609,1,4,-1
78770,2,0,-1
78930,2,1,-1
79251,2,3,-1
79411,2,4,-1
79572,2,4,-1
79732,1,3,-1
79893,2,2,-1
80053,1,3,-1
80213,2,4,-1
80374,1,4,-1
80534,1,4,-1
80695,1,2,-1
80855,2,2,-1
81016,1,3,-1
81176,2,2,-1
81336,2,2,-1
81497,1,1,-1
81657,2,2,-1
81818,2,2,-1
81978,1,3,-1
82139,1,4,-1
82459,1,0,-1
82780,2,1,-1
82941,1,4,-1
83101,2,3,-1
83422,1,0,-1
83582,1,3,-1
83743,2,3,-1
84064,2,2,-1
84224,2,4,-1
84385,1,0,-1
84705,1,1,-1
85026,2,2,-1
85187,2,2,-1
85508,1,1,-1
85989,2,1,-1
86791,1,3,-1
86951,1,4,-1
87433,2,1,-1
87593,1,3,-1
87754,1,1,-1
87914,2,4,-1
88074,2,1,-1
88395,1,0,-1
88556,1,1,-1
89037,1,2,-1
89197,1,1,-1
89358,2,0,-1
89518,1,1,-1
89679,1,0,-1
89839,2,1,-1
90000,1,0,-1
90160,1,3,-1
90481,1,3,-1
90641,1,1,-1
90802,2,0,-1
90962,1,1,-1
91122,2,4,-1
91283,2,4,-1
91443,1,0,-1
91604,1,3,-1
91764,2,3,-1
91925,2,4,-1
92085,2,2,-1
92245,1,1,-1
92406,2,4,-1
92566,1,0,-1
92727,2,4,-1
92887,2,3,-1
93048,1,4,-1
93208,2,1,-1
93368,1,3,-1
93529,1,4,-1
93689,1,1,-1
93850,1,1,-1
94010,1,2,-1
94171,2,0,-1
94331,2,4,-1
94491,1,3,-1
94652,1,4,-1
94812,2,3,-1
94973,1,2,-1
95133,2,2,-1
95294,1,4,-1
95454,2,4,-1
95614,1,1,-1
95775,1,2,-1
96096,2,1,-1
96256,1,1,-1
96417,2,3,-1
96577,1,3,-1
96737,1,0,-1
96898,1,0,-1
97058,2,2,-1
97219,1,0,-1
97379,2,2,-1
97540,1,1,-1
97700,2,2,-1
97860,2,3,-1
98021,1,4,-1
98181,1,3,-1
98502,2,0,-1
98663,2,2,-1
98983,1,4,-1
99144,2,4,-1
99304,2,1,-1
99465,2,2,-1
99625,1,1,-1
99786,2,3,-1
99946,1,0,-1
100106,2,1,-1
100427,2,2,-1
100588,2,2,-1
100748,1,4,-1
100909,1,1,-1
101390,1,4,-1
101550,2,0,-1
101711,1,4,-1
101871,1,3,-1
102032,1,4,-1
102192,1,1,-1
102352,2,0,-1
102513,2,2,-1
102673,2,0,-1
102834,1,4,-1
102994,1,4,-1
103315,2,3,-1
103475,1,1,-1
103636,2,3,-1
103796,2,4,-1
103957,1,1,-1
104117,1,4,-1
104278,2,4,-1
104438,1,4,-1
104598,2,4,-1
104759,1,2,-1
104919,1,3,-1
105240,2,1,-1
105401,2,0,-1
105561,2,3,-1
105721,1,4,-1
105882,2,3,-1
106042,1,0,-1
106203,1,1,-1
106363,1,1,-1
106524,1,2,-1
106684,1,1,-1
106844,2,0,-1
107005,2,3,-1
107165,1,2,-1
107326,1,2,-1
107486,1,4,-1
107647,2,0,-1
107807,2,4,-1
107967,1,0,-1
108128,2,3,-1
108288,1,3,-1
108449,1,4,-1
108609,1,2,-1
108770,1,0,-1
108930,1,4,-1
109090,2,3,-1
109251,2,0,-1
109411,2,2,-1
109572,2,1,-1
109732,1,1,-1
110053,1,3,-1
110374,1,3,-1
110534,2,0,-1
110695,2,2,-1
110855,1,2,-1
111016,1,4,-1
111176,1,1,-1
111336,1,4,-1
111497,2,2,-1
111657,1,2,-1
111818,2,2,-1
111978,2,0,-1
112139,2,3,-1
112299,2,2,-1
112459,2,4,-1
112620,1,2,-1
112780,2,3,-1
112941,2,3,-1
113101,1,3,-1
113262,2,1,-1
113582,2,3,-1
113743,2,3,-1
113903,2,0,-1
114064,2,2,-1
114224,2,0,-1
114385,2,2,-1
114545,2,2,-1
114705,1,4,-1
114866,1,2,-1
115026,2,1,-1
115187,2,1,-1
115347,1,2,-1
115508,1,4,-1
115668,2,4,-1
115828,2,1,-1
115989,2,3,-1
116149,2,0,-1
116310,2,2,-1
116470,1,1,-1
116631,2,1,-1
116791,1,0,-1
116951,1,1,-1
117112,1,3,-1
117272,1,1,-1
117433,1,2,-1
117593,2,4,-1
117914,2,1,-1
118074,1,1,-1
118235,1,2,-1
118395,1,3,-1
118556,2,2,-1
118716,2,3,-1
118877,2,1,-1
119037,2,0,-1
119197,2,0,-1
119518,2,3,-1
119679,1,3,-1
119839,2,2,-1
119999,1,4,-1
120481,2,0,-1
120641,2,0,-1
120962,2,0,-1
121122,1,0,-1
121283,1,2,-1
121443,2,2,-1
121604,2,3,-1
121764,2,4,-1
121925,1,4,-1
122085,2,4,-1
122192,2,0,-1
122299,1,0,-1
122406,1,2,-1
122513,1,1,-1
122620,1,1,-1
122727,2,0,-1
122834,1,4,-1
122941,1,4,-1
123048,2,2,-1
123155,2,1,-1
123262,2,2,-1
123368,1,4,-1
123475,1,2,-1
123582,1,1,-1
123689,1,0,-1
123796,1,3,-1
123903,1,0,-1
124010,1,2,-1
124117,1,3,-1
124224,2,1,-1
124331,1,3,-1
124438,2,3,-1
124545,2,4,-1
124652,1,1,-1
124759,2,1,-1
124866,1,0,-1
125080,1,0,-1
125187,2,2,-1
125294,1,3,-1
125401,1,3,-1
125508,1,3,-1
125614,2,1,-1
125721,2,1,-1
125828,1,1,-1
125935,2,0,-1
126042,1,1,-1
126149,2,4,-1
126256,2,2,-1
126363,1,2,-1
126470,1,1,-1
126577,1,4,-1
126684,2,4,-1
126791,1,2,-1
126898,2,0,-1
127005,1,3,-1
127112,2,1,-1
127219,2,2,-1
127326,1,3,-1
127433,2,1,-1
127540,2,2,-1
127647,2,3,-1
127754,2,1,-1
127860,2,2,-1
127967,2,0,-1
128074,2,3,-1
128181,1,3,-1
128288,1,4,-1
128395,1,1,-1
128502,1,3,-1
128609,1,4,-1
128716,1,3,-1
128823,1,4,-1
128930,2,4,-1
129037,2,3,-1
129144,1,2,-1
129251,1,4,-1
129358,2,0,-1
129465,1,0,-1
129572,1,2,-1
129679,1,0,-1
129786,2,2,-1
129893,1,4,-1
129999,1,2,-1
130106,2,0,-1
130213,1,3,-1
130320,2,4,-1
130427,2,0,-1
130534,2,0,-1
130641,2,2,-1
130748,1,3,-1
130855,2,1,-1
130962,2,3,-1
131069,1,3,-1
131176,2,4,-1
131390,2,3,-1
131497,1,4,-1
131604,2,1,-1
131711,1,4,-1
131818,2,3,-1
131925,1,1,-1
132139,2,2,-1
132245,2,1,-1
132352,2,1,-1
132459,2,0,-1
132566,1,2,-1
132673,1,1,-1
132780,1,1,-1
132887,1,1,-1
132994,1,2,-1
133101,2,0,-1
133208,2,0,-1
133315,1,2,-1
133422,1,1,-1
133529,2,0,-1
133636,2,2,-1
133743,1,0,-1
133957,2,0,-1
134064,1,3,-1
134171,2,4,-1
134278,2,1,-1
134385,2,1,-1
134491,2,3,-1
134598,1,3,-1
134705,2,4,-1
134812,1,2,-1
134919,1,0,-1
135026,2,0,-1
135133,1,2,-1
135240,1,3,-1
135347,2,3,-1
135454,2,3,-1
135561,1,2,-1
135668,2,3,-1
135775,2,3,-1
135882,2,4,-1
135989,1,3,-1
136096,2,3,-1
136203,1,3,-1
136310,2,4,-1
136417,1,2,-1
136524,2,2,-1
136631,2,4,-1
136737,1,1,-1
136844,2,2,-1
136951,1,3,-1
137058,2,0,-1
137165,2,2,-1
137272,1,4,-1
137486,2,3,-1
137593,2,4,-1
137700,2,3,-1
137807,2,4,-1
137914,2,1,-1
138021,2,0,-1
138128,2,2,-1
138235,2,2,-1
138342,1,0,-1
138449,2,3,-1
138556,2,1,-1
138663,2,0,-1
138877,1,0,-1
138983,1,3,-1
139090,1,4,-1
139197,1,1,-1
139304,2,3,-1
139518,1,1,-1
139625,1,4,-1
139732,1,1,-1
139839,1,4,-1
139946,2,1,-1
140160,1,4,-1
140267,1,4,-1
140374,2,0,-1
140481,2,0,-1
140588,2,2,-1
140695,2,1,-1
140802,1,0,-1
140909,1,2,-1
141016,1,4,-1
141122,2,1,-1
141229,1,4,-1
141336,1,3,-1
141443,1,0,-1
141550,1,3,-1
141657,2,1,-1
141764,2,3,-1
141871,1,1,-1
141978,1,1,-1
142085,2,1,-1
142192,1,3,-1
142299,2,1,-1
142406,1,2,-1
142513,2,3,-1
142620,2,3,-1
142727,2,2,-1
142834,2,2,-1
143048,1,3,-1
143208,1,0,-1
143368,1,1,-1
143529,2,0,-1
143689,1,2,-1
143850,2,3,-1
144010,2,0,-1
144171,1,2,-1
144491,2,2,-1
